-1657358161 -1765473529 2147236577 -230815473 -420956680 -460476732 -138139073 1439231738 
-1522378730 1130877332 2006901603 -424387256 332749237 -340166035 -1873528677 -419062311 
-1522378730 1128595860 1729821283 -491356856 399987637 -877560211 -1873526885 -282747399 
-1522378734 1128595861 1730079587 -424256248 399856565 -877045171 -1873527141 1713741305 
-1522378730 1130877332 1998512995 -424387256 332749237 -340166035 -1873528677 -419062279 
-1522378734 1128595861 1730079587 -424258232 399856565 -877045171 -1873527141 1713741305 
-1522378730 1128726932 1730078579 -424190647 360831925 -340166035 -1873528677 -416956935 
-1522378730 1128726932 1730078579 -424190647 361847733 -340166035 -1873528677 -416956936 
-1522378734 1128726932 1730078579 -424190711 361847733 -340166035 -1873004385 -416956935 
-1925793617 -691731705 2147236577 -230815473 -286738952 -460476732 -138139073 1439231738 
-1522378730 1128595861 1730079587 -424272568 399856565 -877045139 -1873527157 -416965123 
-1526573034 1128595861 1730079587 -457810616 399856561 -877036947 -1873535333 -416965127 
-1522378734 1128595861 1730079591 -424258232 399856565 -877045172 -1873527109 1713741305 
-1522378734 1128595861 1730079587 -424255734 399856564 -877045171 -1873527141 1713741305 
-1522378730 1128726932 1998514035 -424190647 361847733 -340166035 -1873528677 -148521479 
-1522378730 1128595861 1730079587 -424272568 399856565 -877045139 -1873527157 -416965123 
-1522378730 1128726932 1730078579 -424190647 360831925 -340166035 -1873528677 -416956935 
-1522378734 1128595861 1730079587 -424256248 399856565 -877045171 -1873527141 1713741305 
-1522378730 1128726932 1730078579 -424190647 360831925 -340166035 -1873528677 -416956935 
-1526573034 1095041429 1730079587 -457810616 399594417 -877036947 -1873535333 -416965127 
-1925793617 -1765342457 2147236577 -230815473 -286738952 -460476732 -138139074 1439231738 
-1522378730 1130877332 2006901611 -424387256 332749237 -340166035 -1873528677 -419062311 
-1522378730 1130877332 2006901603 -424387256 332749237 -340166035 -1873528677 -419062311 
-1522378734 1128726932 1730078579 -424190711 361847733 -340166035 -1873004385 -416956935 
-1522378730 1128726932 1730078579 -424190647 360831925 -340166035 -1873528677 -416956935 
-1522378730 1130877364 1998512995 -424387256 332749237 -340182419 -1873528677 -419045895 
-1522378730 1128595860 1729821539 -491356856 399987637 -877560211 -1873526885 -282747399 
-1522313194 1128726932 1730078579 -424190647 360831925 -340166035 -1873528677 -416956935 
-1522378734 1128726932 1730078579 -424190711 361847733 -340166035 -1873004385 -416956935 
-1522378730 1128726932 1730078579 -424190647 360831925 -340166035 -1873528677 -416956935 
-1522378730 1130877332 2011095907 -424387256 332749237 -340166035 -1873528677 -419062311 
-1522378730 1130877364 1998512995 -424387256 332749237 -340182419 -1873528677 -419045895 
-1657358161 -1765473529 2147236577 -230815473 -420956680 -460476732 -138139073 1439231738 
-1522378734 1128595861 1730079587 -424256248 399856565 -877045171 -1873527141 1713741305 
-1522378734 1128595861 1730079587 -424256248 399856565 -877045171 -1873527141 1713741305 
-1522378734 1128726932 1730078579 -424190711 361847733 -340166035 -1873004385 -416956935 
-1522378734 -1018887787 1730079587 -424256248 399856565 -877045171 -1873527141 1713741305 
-1522378730 1130877332 1998512995 -424387256 332749237 -340166035 -1873528677 -419062279 
-1522378734 1128595861 1730079587 -424258232 399856565 -877045171 -1873527141 1713741305 
-1925793617 -1765473529 2147236577 -230815473 -286738952 -460476732 -138139073 1439231738 
-1925793617 -1765342457 2147236577 -230815473 -286738952 -460476732 -138139074 1439231738 
-1522378734 1128595861 1730079587 -424258232 399856565 -877045171 -1873527141 1713741305 
-1657358161 -1765473529 2147236577 -230815473 -420956680 -460476732 -138139073 1439231738 
-1925793617 -691731705 2147236577 -230815473 -286738952 -460476732 -138139073 1439231738 
-1925793617 -691731705 2147236577 -230815473 -286738952 -460476732 -138139073 1439231738 
-1925793617 -1765473529 2147236577 -230815473 -420956680 -460476732 -138139073 1439231738 
-1522378734 1128595861 1730079075 -424256120 399856565 -877045171 -1873527141 1713757689 
-1522378730 1128726932 1998514035 -424190647 361847733 -340166035 -1873528677 -148521479 
-1522378734 1128595861 1730079587 -424255736 399856565 -877045171 -1873527141 1713741305 
-1526573034 1128595861 1730079587 -457810616 399856561 -877036947 -1873535077 -416965127 
-1522378734 1128595861 1730079587 -424258232 399856565 -877045171 -1873527141 1713741305 
-1526573034 1128595861 1730079587 -457810616 399856561 -877036947 -1873535077 -953836039 
-1522378734 1128595861 1730079587 -424256248 399856629 -877045171 -1873527141 1713741305 
-1522378730 1128595861 1730079587 -961143480 399856565 -877045139 -1873527157 -416965127 
-1925793617 -1765473529 2147236577 -231077617 -286738952 -460476732 -138139073 1439231738 
-1522378734 1128595861 1732168547 -424256248 399856437 -877045171 -1873527141 1713741305 
-1522378730 1130877332 1998512995 -424387256 332749237 -340166035 -1873528677 -419062279 
-1522378734 1136984469 1730077539 -424256248 399856565 -877045171 -1873527141 1713741305 
-1522378734 1128595861 1730079587 -424258232 399856565 -877045171 -1873527141 1713741305 
-1522378734 1128595861 1730079587 -424256248 399856565 -877045171 -1873527141 1713741305 
-1522378734 -1018887787 1730079587 -424256248 399856565 -877045171 -1873527141 1713741305 
-1925793617 -1765473529 2147236577 -230815473 -286738952 -460476732 -138139073 1439231738 
-1522378730 1397031316 1729821539 -424247988 399987637 -877560195 -1873526885 -274227847 
-1522378730 1128595860 1729821539 -424247988 1473729461 -877560195 -1874575461 -274227847 
-1925793617 -1765473529 2147236577 -230815473 -286738952 -460476732 -138139073 1439231738 
-1522378730 1128616341 1729948451 -407478968 399856629 -877036947 -1873527109 -416965127 
-1522378734 1128595861 1730079587 -424258232 399856565 -877045171 -1873527141 1713741305 
-1522378474 1129120148 1729821539 -491356856 -1747496011 -877560211 -1873526885 -282747399 
-1522378734 1128595861 1730079587 -424256248 400380853 -877045171 -1873527141 1713741305 
-1925793617 -1765473529 2147236577 -230815473 -420956680 1687006916 -138139073 1439231738 
-1522378730 1128726932 1730077555 -424452791 361847733 -340166035 -1873528677 -416956935 
-1522378734 1128595861 1730079587 -424256248 399856565 -877045171 -1873527141 1713741305 
-1522378730 1128612245 1729948451 -407478968 399856629 -877036979 -1873527141 -416965127 
-1522378730 1130877332 1998512995 -424387256 332749237 -340166035 -1873528677 -419062279 
-1522378734 1128726932 1730078579 -424190647 361847733 -340166035 -1873528677 -416956935 
-1925793617 -1765342457 2147236577 1916668175 -286738952 -460476732 -138139074 1439231738 
-1522378730 1130877332 1998512995 -424387256 332749237 -340166035 -1873528677 -419062279 
-1522378734 1128628629 1730079587 -424256248 399856565 -877045171 -1873527141 1713741305 
-1522378730 1128726932 1998514035 -424190647 361847733 -340166035 -1873528677 -148521479 
-1522378730 1128595860 1729821283 -491356856 399987637 -877560211 -1873526885 -282747399 
-1522378730 1128726932 1730078579 -424190647 361847477 -340166035 -1873528677 -416956935 
-1522378734 1128595861 1730079075 -424256120 399856565 -877045171 -1873527141 1713757689 
-1522378734 1128595861 1730079075 -424256120 399856565 -877045171 -1873527141 1713757689 
-1522378730 1130877332 1998512995 -424387256 332749237 -340166035 -1873528677 -419062279 
-1522378730 1128595860 1729821283 -491356856 399987637 -877560211 -1873526885 -282747399 
-1522378734 1128595861 1730079587 -424256248 399864757 -877045171 -1873527141 1713741305 
-1522378730 1130877332 1998512995 -457941688 332749237 -340166035 -1873528677 -419062279 
-1522378730 1130877332 1998512995 -424387256 332749237 -340166035 -1873528677 -419062279 
-1522378734 1128595861 1730079587 -424258232 399856565 -877045171 -1873527141 1713741305 
-1925793617 -1765473529 2147236577 -230815473 -286738952 -460476732 -138139073 1439231738 
-1522378734 1128595861 1730079587 -424258232 399856565 -877045171 -1873527141 1713741305 
-1522378734 1128726932 1730078579 -424190647 361847733 -340166035 -1873528677 -416956935 
-1522378730 1130877332 1998512995 -424387256 332749237 -340166035 -1873528677 -419062279 
-1522378474 1129120148 1729821539 -491356856 -1747496011 -877560211 -1873526885 -282747399 
-1522378730 1128604053 1730079587 -424272568 399856565 -877045139 -1873527157 -416965127 
-1522378734 1128595861 1730079587 -424258232 399856565 -809936307 -1873527141 1713741305 
-1522378734 1128595861 1730079587 -424258232 399856565 -877045172 -1873527141 1713741305 
-1522378730 1128595860 1729821539 -491356856 399988661 -877560211 -1873526885 -278553095 
-1522378730 1128595861 1730079587 -424256184 383210421 -877045139 -1873527141 -416965127 
-1522378734 1128595861 1730079587 -424256248 400380853 -877045171 -1873527141 1713741305 
-1522378734 1128595861 1730079587 -424258232 399856565 -877045172 -1873527141 1713741305 
-1522378734 1128595861 1730079587 -424256248 400380853 -877045171 -1873527141 1713741305 
-1522378730 1128726932 1730078579 -424190647 360831925 -340166035 -1873528677 -416956935 
-1522378730 1128612245 1729948451 -407478968 399856629 -877036947 -1873527141 -416965127 
-1925793617 -1765342457 2147236577 -230815473 -286738952 -460476732 -138139074 1439231738 
-1522378734 1128595861 1730079587 -290038520 399856565 -877045171 -1873510757 1713741305 
-1522378734 1128595861 1730079587 -424258232 399856565 -877045171 -1873527141 1713741305 
-1522378730 1128726932 1730077555 -424452791 361847733 -340166035 -1873528677 -416956935 
-1522378730 1128604053 1730079587 -424272568 399856565 -877045139 -1873527157 -416965127 
-1522378730 1128726932 1998514035 -424190647 361847733 -340166035 -1873528677 -148521479 
-1522378730 1128595861 1730079587 -424272568 399856565 -877045139 -1873527157 -416965127 
-1522378730 1128726932 1730077555 -424452791 361847733 -340166035 -1873528677 -416956935 
-1522378730 1128726932 1730078579 -424190647 360831925 -340166035 -1873528677 -416956935 
-1526573034 1128595861 1730079587 -457810616 399856561 -877036947 -1873535077 -416965127 
-1522378734 1128595861 1730079587 -424256248 399856565 -877045171 -1873527141 1713741305 
-1925793617 -1765473529 2147236577 -230815473 -286738952 -460476732 -138139073 1439231738 
-1925793617 -1765473529 2138847969 -230815473 -420956680 1687006916 -137614785 1439231738 
-1522378734 1128595861 1730079587 -457810680 399856565 -877045171 -1873527141 1713741305 
-1522378730 1128595861 1730079587 -424272568 399856565 -877045139 -1873527157 -416965123 
-1522378734 1128595861 1730079587 -424258232 399856565 -877045171 -1873527141 1713741305 
-1522378730 1195704725 1730079587 -424258232 399856565 -877045171 -1873527141 1713741305 
-1925793617 -1765473529 2147236577 -230815473 -420956680 -460476732 -138139073 1439231738 
-1522378730 1128596884 1729788771 -491373240 399987637 -877560723 -1873526885 -819618311 
-1522378734 1128595861 1730079587 -457810680 399856565 -877045171 -1873527141 1713741305 
-1522378730 1128726932 1730078579 -424190647 360831925 -340166035 -1873528677 -416956935 
-1522378730 1130877332 1998512995 -424387256 332749237 -340166035 -1873528677 -419062279 
-1522378730 1130877332 1998512995 -424387256 332749237 -340166035 -1873528677 -419062279 
-1522378730 1128595861 1730079587 -424272568 399856565 -877045139 -1873527157 -416965123 
-1522378734 54854037 1730079587 -424258232 399856565 -877045171 -1873527141 1713741305 
-1522378730 1130877332 1998512995 -424387256 332749237 -340166035 -1873528677 -419062279 
-1522378734 1128595861 1732176739 -424256248 399856437 -877045171 -1873527141 1713741305 
-1522378734 1128595861 1730079587 -424256248 399856565 -877045171 -1873527141 1713741305 
-1925793617 -1765473529 2143042273 -230815473 -286738952 -460476732 -138139073 1422454522 
-1522378734 1128595861 1730079587 -424256248 399856565 -872850867 -1877721445 1713741305 
-1522378730 1128604053 1730079587 -424272568 399856565 -877045143 -1873527157 -416965127 
-1925793617 -1765473529 2147236577 -230815473 -286738952 -460476732 -138139073 1439231738 
-1522378730 1128726932 1730078579 -424190647 360831925 -340166035 -1873528677 -416956935 
-1522378734 1128595861 1730079587 -424256248 399856565 -877045171 -1877721445 1713741305 
-1522378730 1128595861 1730079587 -424256184 383210421 -877045139 -1873527141 -416965127 
-1522378730 1128726932 1730078579 -424190647 361847733 -340166035 -1873528677 -416956935 
-1925793617 -1765342457 2147236577 -230815473 -286738952 -460476732 -138139074 1439231738 
-1522378734 1128595861 1730079075 -424256120 399856565 -877045171 -1873527141 1713757689 
-1522378730 1128726932 1730078579 -424190647 360831925 -340166035 -1873528677 -416956935 
-1522378734 1128595861 1730079587 -424255734 399856564 -877045171 -1873527141 1713741305 
-1925792593 -1765342457 2147236577 -230815473 -286738952 -460476732 -138139073 1440280314 
-1925793617 -2033777913 2147236577 -230815473 -286738952 -460476732 -138139074 1439231738 
-1522378730 1128726932 1730078579 -424190647 361847733 -340166035 -1873528677 -416956936 
-1522378730 1128595860 1729821539 -424247988 1473729461 -877560195 -1874575461 -274227847 
-1522378730 1130877332 2006901603 -424387256 332749237 -273057171 -1873528677 -419062311 
-1522378730 1128599956 1729821539 -424247988 399987637 -877560195 -1873526885 -274227847 
-1522378734 1128595861 1730079587 -424256248 399856565 -877045171 -1873527141 1713741305 
-1522378734 1128595861 1730079587 -424256248 399856565 -877045171 -1873527141 1713741305 
-1522378730 1128595861 1730079587 -424272568 399856565 -877045139 -1873527157 -416965127 
-1522378734 1128595861 1730079591 -424258232 399856565 -877045172 -1873527141 1713741305 
-1522378734 54854037 1730079587 -424258232 399856565 -877045171 -1873527141 1713741305 
-1925793617 -1765473529 2147236577 -230815473 -286738952 -460476732 -138139073 1439231738 
-1522378730 1128726932 1730077555 -424452791 361847733 -340166035 -1873528677 -416956935 
-1522378474 1129120148 1729821539 -491356856 -1747496011 -877560211 -1873526885 -282747399 
-1925793617 -1765342457 2147236577 -230815473 -286738952 -460476732 -138139074 1439231738 
-1522378734 1128595861 1730079587 -424256248 399856565 -877045171 -1873531237 1713741305 
-1526573034 1128595861 1730079587 -457810616 399856561 -877036947 -1873535333 -416965127 
-1925793617 -1765473529 2147236577 -230815473 -420956680 1687006916 -138139073 1439231738 
-1526573034 1128595861 1730079587 -457810616 399856561 -877036947 -1873535333 -416965127 
-1522378734 1128726932 1730078579 -424190711 361847733 -340166035 -1873004385 -416956935 
-1522378730 1128726932 1998514035 -424190647 361847733 -340166035 -1873528677 -148521479 
-1522378730 1128595861 1730079587 -424256184 383210421 -877045139 -1873527141 -416965127 
-1522378734 1128595861 1730079587 -424256248 399856565 -877045171 -1873527141 1713741305 
-1522378730 1128726932 1730078579 -424190647 360831925 -340166035 -1873528677 -416956935 
-1522378734 1128595861 1730079587 -424258232 399856565 -877045171 -1873527141 1713741305 
-1522378734 1128595861 1730079587 -424256248 399856565 -877045171 -1873527141 1713741305 
-1925793617 -1765473529 2147236577 -230815475 -286738952 -460476732 -138139073 1439231738 
-1522378734 1128595861 1730079075 -424256120 399856565 -877045171 -1873527141 1713757689 
-1522378474 1129120148 1729821539 -491356856 -1747496011 -877560211 -1873526885 -282747399 
-1925793617 -1765342457 2147236577 -230815473 -286738952 -460476732 -142333378 1439231738 
-1522378730 1130877332 1998512995 -424387256 332749237 -340166035 -1873528677 -419062279 
-1522378734 1128595861 1730079587 -424258232 399856565 -877045171 -1873527141 1713741305 
-1522378734 1128595861 1730079587 -424256248 399856565 -872850867 -1877721445 1713741305 
-1522378730 1129644436 1731914595 -407470776 399987637 -877560211 -1873526885 -282747399 
-1522378734 1397031317 1730079587 -424258232 399856565 -809936308 -1873527141 1713741305 
-1522378734 1128595861 1730079587 -424256248 399856565 -877045171 -1873527141 1713741305 
-1522378734 1128595861 1730079587 -424256248 399856629 -877045171 -1873527141 1713741305 
-1522378734 1128595861 1730079587 -424258232 399856565 -809936307 -1873527141 1713741305 
-1526573034 1128595861 1730079587 -457810616 399856561 -877036947 -1873535077 -953836039 
-1522378734 1128595861 1730079587 -424256248 399856565 -877045171 -1873527141 1713741305 
-1522378734 1128595861 1730079587 -424256248 399856565 -877045171 -1877721445 1713741305 
-1925793617 -1765473529 2147236577 -230815473 -286738952 -460476732 -138139073 1439231738 
-1522378730 1128596884 1729788771 -491373240 399987637 -877560723 -1873526885 -819618311 
-1522378734 1128595861 1730079587 -424258232 399856565 -877045171 -1873527141 1713741305 
-1522378730 1128595861 1730079587 -424256184 383210421 -877045139 -1873527141 -416965127 
-1925793617 -1765342457 2147236577 -230815473 -286738952 -460476732 -138139074 1439231738 
-1522378730 1129644436 1731914595 -407470776 399987637 -877560211 -1873526885 -282747399 
-1522378734 1128595861 1730079587 -424258232 399856565 -877045171 -1873527141 1713741305 
-1522378734 1128595861 1730079587 -424255734 936727476 -877045171 -1873527141 1713741305 
-1522378730 1130877332 1998512995 -424387256 332749237 -340166035 -1873528677 -419062279 
-1925793617 -1765342457 2147236577 -230815473 -286738952 -460476732 -138139074 1439231738 
-1522378734 1128595861 1730079587 -424256248 399856565 -877045171 -1873527141 1713741305 
-1522378730 1128726932 1730078579 -424190647 360831925 -340166035 -1873528677 -416958983 
-1522378730 1128726932 1730078579 -424190647 360831925 -340166035 -1873528677 -416956935 
-1522378734 1128595861 1730079587 -424256248 399856565 -877045171 -1873527141 1713741305 
-1522378730 1128595860 1729821283 -491356856 399987637 -877560211 -1873526885 -282747399 
-1925793617 -2033777913 2147236577 -230815473 -286738952 -460476732 -138139074 1439231738 
-1522380778 1130877332 1998512995 -424387256 332749237 -340166035 -1873528677 -419062279 
-1522378730 1130877334 1998512995 -424387256 332749237 -340166035 -1873528677 -419062279 
-1522509802 1128726932 1730078579 -424190647 361847733 -340166035 -1873528677 -416956936 
-1526573034 1128595861 1730079587 -457810616 399856561 -877036947 -1873535077 -416965127 
-1522378730 1128595860 1729821539 -424247988 399987637 -877560195 -1873526885 -274227847 
-1522378734 1128595861 1730079587 -424256248 399856565 -877045171 -1873527141 1713741305 
-1522378730 1128595861 1730079587 -424272568 399856565 -877045139 -1873527157 -416965123 
-1522378734 1128726932 1730078579 -424190711 361847733 -340166035 -1873004385 -416956935 
-1925793617 -1765342457 2147236577 -230815473 -286738952 -460476732 -138139074 1439231738 
-1522378734 1128595861 1730079587 -424255736 399856565 -877045171 -1873527141 1713741305 
-1522378730 1130877332 2006901603 -424387256 332749237 -340166035 -1873528677 -419062311 
-1925793617 -1765473529 2143042273 -230815473 -286738952 -460476732 -138139073 1422454522 
-1522378734 1128595861 1730079587 -424255734 399856564 -877045171 -1873527141 1713741305 
-1522378474 1129120148 1729821539 -491356856 -1747496011 -877560211 -1873526885 -282747399 
-1522378734 1128595861 1730079587 -424258232 399856565 -809936307 -1873527141 1713741305 
-1526573034 1128595861 1730079587 -457810616 399856561 -877036947 -1873535333 -416965127 
-1526573034 1128595861 1730079587 -457810584 399856569 -877036947 -1873535333 -416965127 
-1522380778 1130877332 1998512995 -424387256 332749237 -340166035 -1873528677 -419062279 
-1925793617 -1765473529 2147236577 -230815473 -420956680 1687006916 -138139073 1439231738 
-1522378734 1128628629 1730079587 -424256248 399856565 -877045171 -1873527141 1713741305 
-1522378734 -1018887787 1730079587 -424256248 399856565 -877045171 -1873527141 1713741305 
-1522378730 1128726932 1730078579 -424190647 360831925 -340166035 -1873528677 -416956935 
-1522378730 1128726932 1730078579 -424190647 360831925 -340166035 -1873528677 -416956935 
-1522378730 1130877332 1998512995 -424387256 332749237 -340166035 -1873528677 -419062279 
-1526573034 1128595861 1730079587 -457810584 399856569 -877036947 -1873535333 -416965127 
-1522378734 1128595861 1730079587 -424256248 399856565 -877045171 -1877721445 1713741305 
-1522378734 1128595861 1730079075 -424256120 399856565 -910599603 -1873527141 1713757689 
-1522378734 1136984469 1730077539 -424256248 399856565 -877045171 -1873527141 1713741305 
-1522378730 1130877332 1998512995 -424387256 332749237 -340166035 -1873528677 -419062279 
-1522378730 1128595860 1729821539 -424247988 383210421 -877560195 -1873526885 -274227847 
-1522378734 1128595861 1730079587 -424258232 399856565 1270438477 -1873527141 1713741305 
-1522378734 1128595861 1730079587 -424256248 400380853 -877045171 -1873527141 1713741305 
-1522378734 1128595861 1730079587 -424258232 399856565 -877045171 -1873527141 1713741305 
-1522378730 1128595861 1730079587 -424272568 399856565 -877012371 -1873527157 -417227267 
-1522378734 1128596885 1730077539 -424256248 399864757 -877045171 -1873527141 1713741305 
-1925793617 -1765473529 2147236577 -230815473 -420956680 -460476732 -138139073 1439231738 
-1522378730 1128595860 1729821539 -491356856 399987637 -877560211 -1873526885 -282747399 
-1522378734 1128595861 1730079587 -424258232 399856565 1270438477 -1873527141 1713741305 
-1522378730 1130877332 2006901603 -424387256 332749237 -340166035 -1873528677 -419062311 
-1526573034 1128595861 1730079587 -457810616 399856561 -877036947 -1873535333 -416965127 
-1522378730 1130877332 1998512995 -457941688 332749237 -340166035 -1873528677 -419062279 
-1522378734 1128595861 1730079587 -424256248 399856565 -877045171 -1873527141 1713741305 
-1522378730 1130877332 1998512995 -424387256 332749237 -340166035 -1873528677 -419062279 
-1925793617 -1765473529 2147236577 -230815473 -286738952 -460476732 -138139073 1439231738 
-1522378734 1128595861 1730079587 -424258232 399856565 -877045171 -1873527141 1713741305 
-1925793617 -691731705 2147236577 -230815473 -286738952 -460476732 -138139073 1439231738 
-1522378474 1129120148 1729821539 -491356856 -1747496011 -877560211 -1873526885 -282747399 
-1522378730 1128595861 1730079587 -424272568 399856565 -877045139 -1873527157 -416965123 
-1925793617 -1765473529 2147236577 -230815473 -286738952 -460476732 -138139073 1439231738 
-1522378730 1130877332 1998512995 -424387256 332749237 -340166035 -1873528677 -419062279 
-1522378730 1128596884 1729788771 -491373240 399987637 -877560723 -1873526885 -819618311 
-1925793617 -1765473529 2143042273 -230815473 -286738952 -460476732 -138139073 1422454522 
-1925793617 -1765473529 2147236577 -230815473 -286738952 -460476732 -138139073 1439231738 
-1522378734 1128595861 1730079075 -424256120 399856565 -877045171 -1873527141 1713757689 
-1522378734 1128595861 1730079587 -424256248 399856565 -877045171 -1873527141 1713741305 
-1522378730 1128596884 1729788771 -491373240 399987637 -877560723 -1873526885 -819618311 
-1522378730 1128612245 1729948451 -407478968 399856629 -877036947 -1873527109 -416965127 
-1522378734 1128595861 1730079587 -424255736 399856565 -877045171 -1873527141 1713741305 
-1522378730 1129644436 1731914595 -407470776 399987637 -877560211 -1873526885 -282747399 
-1522378730 1128726932 1730078579 -424190647 360831925 -340166035 -1873528677 -416956935 
-1522378734 -1018887787 1730079587 -424256248 399856565 -877045171 -1873527141 1713741305 
-1925793617 -691731705 2147236577 -230815473 -286738952 -460476732 -138139073 1439231738 
-1522378730 1128595860 1729821539 -424247988 399987637 -877560195 -1873526885 -274227847 
-1522378734 1128595861 1730079587 -424256248 399856565 -877045171 -1873527141 1713741305 
-1522378730 1128595861 1730079587 -961143480 399856565 -877045139 -1873527157 -416965127 
-1526573034 1128595861 1730079587 -457810584 399856569 -877036947 -1873535333 -416965127 
-1522378730 1130877332 2006901603 -424387256 332749237 -340166035 -1873528677 -419062311 
-1522378734 1128595861 1730079587 -424256248 399856629 -877045171 -1873527141 1713479161 
-1522378730 1130877332 1998512995 -424387256 332749237 -340166035 -1873528677 -419062279 
-1925792593 -1765342457 2147236577 -230815473 -286738952 -460476732 -138139073 1440280314 
-1925793617 -1765473529 2147236577 -230815473 -286738952 -460476732 -138139073 1439231738 
-1925793617 -1765473529 2147236577 -230815473 -286738952 -460476732 -138139073 1439231738 
-1522378730 1128595861 1730079587 -424272568 399856565 -877045139 -1873527157 -416965123 
-1522378734 1128595861 1730079587 -424258232 399856565 -809936307 -1873527141 1713741305 
-1522378730 1130877364 1998512995 -424387256 332749237 -340182419 -1873528677 -419045895 
-1522378730 1128726932 1730078579 -424190647 361847733 -340166035 -1873528677 -416956935 
-1522378730 1128595860 1729821283 -491356856 399987637 -877560211 -1873526885 -282747399 
-1522378474 1129120148 1729821539 -491356856 -1747496011 -877560211 -1873526885 -282747399 
-1526573034 1128595861 1730079587 -457810616 399856561 -877036947 -1873535333 -416965127 
-1522378734 1128595861 1730079587 -424258232 399856565 -877045171 -1873527141 1713741305 
-1522378730 1130877332 2006901603 -424387256 332749237 -340166035 -1873528677 -419062311 
-1522378730 1128595860 1729821539 -424247988 399987637 -877560195 -1873526885 -282616455 
-1526573034 1128595861 1730079587 -457810584 399856569 -877036947 -1873535333 -416965127 
-1522378730 1128726932 1730078579 -424190647 360831925 -340166035 -1873528677 -416956935 
-1925793617 -1765473529 2143042273 -230815473 -286738952 -460476732 -138139073 1422454522 
-1522378730 1128595860 1729821539 -491356856 399988661 -877560211 -1873526885 -278553095 
-1522378734 1128595861 1730079587 -424258232 399856565 -809936307 -1873527141 1713741305 
-1526573034 1128595861 1730079587 -457810616 399856561 -877036947 -1873535333 -416965127 
-1522378730 1128726932 1730078579 -424191671 361847733 -340166035 -1873528677 -416956935 
-1522378702 1128595861 1730079587 -424258232 399856565 -877045171 -1873527141 1713741305 
-1657358161 -1765473465 2147236577 -230815473 -420956680 -460476732 -138139073 1439231738 
-1522378730 1128595860 1729821539 -491356856 399987637 -877560211 -1873526885 -282747399 
-1522378730 1128726932 1730078579 -424190647 361847733 -340166035 -1873528677 -416956935 
-1925793617 -1765473529 2143042273 -230815473 -286738952 -460476732 -138139073 1422454522 
-1522378730 1128595861 1730079587 -961143480 399856565 -877045139 -1873527157 -416965127 
-1522378730 1128595861 1730079587 -424272568 399856565 -877012371 -1873527157 -417227267 
-1522378734 1128595861 1730079587 -424258232 399856565 -877045172 -1873527141 1713741305 
-1522378734 1128595861 1730079587 -424258232 399856565 -809936307 -1873527141 1713741305 
-1522378730 1130877332 1998512995 -424387256 332749237 -340166035 -1873528677 -419062279 
